%YAML:1.0
EMIStso: !!opencv-matrix
   rows: 2
   cols: 3
   dt: d
   data: [ 1.5334248810874279e-01, 5.7059688165671663e-01,
       2.7606063023454047e-01, 7.7777777777777768e-01,
       1.1111111111111110e-01, 1.1111111111111110e-01 ]
