%YAML:1.0
H: !!opencv-matrix
   rows: 3
   cols: 3
   dt: d
   data: [ 2.4322484123532160e+00, 7.7179813025189448e-01,
       1.5635777836678380e+02, 4.7087473399259786e-17,
       -3.1237993911989798e-01, 4.5149658657682409e+02,
       1.5961855389579590e-19, 1.8421648885342489e-03, 1. ]
